%YAML:1.0
---
CameraMat: !!opencv-matrix
   rows: 3
   cols: 3
   dt: d
   data: [ 9.597910e+02, 0.000000e+00, 6.960217e+02, 0.000000e+00 ,9.569251e+02, 2.241806e+02 ,0.000000e+00, 0.000000e+00 ,1.000000e+00 ]
DistCoeff: !!opencv-matrix
   rows: 1
   cols: 5
   dt: d
   data: [ 0,0,0,0,0 ]
ImageSize: [ 1242, 375 ]
CameraExtrinsicMat: !!opencv-matrix
   rows: 4
   cols: 4
   dt: d
   data: [ 7.533745e-03,-9.999714e-01,-6.166020e-04 ,-4.069766e-03, 1.480249e-02, 7.280733e-04, -9.998902e-01 ,-7.631618e-02 ,9.998621e-01, 7.523790e-03 ,1.480755e-02, -2.717806e-01, 0., 0.,0., 1. ]
ProjectionMat: !!opencv-matrix
   rows: 3
   cols: 4
   dt: d
   data: [7.215377e+02, 0.000000e+00, 6.095593e+02 ,4.485728e+01 ,0.000000e+00 ,7.215377e+02, 1.728540e+02, 2.163791e-01, 0.000000e+00 ,0.000000e+00, 1.000000e+00, 2.745884e-03 ]
Pose: [ 5.0902978301338073e-04, -6.1939914048780222e-02,
    4.4749064695750192e-02, 1.5834395057033490e+00,
    5.9043390911951765e-02, 1.5379021184281692e+00 ]
